14 

<<<<<<<<<<<<
===============
>>>>>>>>>>>>

 1


g =

     2


check_GCD =

  -96.0833


ans =

  -98.0833


c =

    -2


d =

   -0.0060